# bin :
# value :
#end
0.0241827311217 0.0125
0.0262178588721 0.0
0.0282529866225 0.025
0.0302881143729 0.025
0.0323232421233 0.0375
0.0343583698736 0.01875
0.036393497624 0.04375
0.0384286253744 0.0625
0.0404637531248 0.04375
0.0424988808752 0.025
0.0445340086256 0.05
0.046569136376 0.05625
0.0486042641264 0.05625
0.0506393918768 0.05
0.0526745196272 0.0875
0.0547096473775 0.04375
0.0567447751279 0.05625
0.0587799028783 0.04375
0.0608150306287 0.06875
0.0628501583791 0.01875
0.0648852861295 0.01875
0.0669204138799 0.03125
0.0689555416303 0.025
0.0709906693807 0.0
0.0730257971311 0.00625
0.0750609248814 0.01875
0.0770960526318 0.00625
0.0791311803822 0.0
0.0811663081326 0.0
0.083201435883 0.0
0.0852365636334 0.00625
0.0872716913838 0.00625
0.0893068191342 0.00625
0.0913419468846 0.00625
0.093377074635 0.0
0.0954122023853 0.00625
0.0974473301357 0.0
0.0994824578861 0.0125
0.101517585637 0.00625
0.103552713387 0.0
0.105587841137 0.0
0.107622968888 0.00625
0.109658096638 0.0
0.111693224388 0.0
0.113728352139 0.0
0.115763479889 0.0
0.11779860764 0.0
0.11983373539 0.0
0.12186886314 0.00625
0.123903990891 0.00625
