# bin :
# value :
#end
1.18333121733 0.703897961616
3.54996614223 0.09209679342
5.91660106713 0.0466563356777
8.28323599203 0.0315413040887
10.6498709169 0.0226248658958
13.0165058418 0.0163070687805
15.3831407667 0.0120157348909
17.7497756916 0.0086303492669
20.1164106165 0.00827273810943
22.4830455414 0.00619859339611
24.8496804664 0.00538800810585
27.2163153913 0.00555489331267
29.5829503162 0.00500655620455
31.9495852411 0.00436285612111
34.316220166 0.00379067826916
36.6828550909 0.00355227083085
39.0494900158 0.00286088925974
41.4161249407 0.00257480033377
43.7827598656 0.00247943735845
46.1493947905 0.00202646322565
48.5160297154 0.00169269281202
50.8826646403 0.00169269281202
53.2492995652 0.00138276314221
55.6159344901 0.0014542853737
57.982569415 0.000882107521755
60.3492043399 0.00104899272857
62.7158392648 0.000810585290261
65.0824741897 0.000762903802599
67.4491091146 0.000548337108118
69.8157440395 0.000667540827274
72.1823789644 0.000524496364287
74.5490138893 0.000405292645131
76.9156488142 0.000166885206818
79.2822837391 0.000309929669806
81.648918664 0.000238407438312
84.0155535889 0.000143044462987
86.3821885138 0.000238407438312
88.7488234387 0.00019072595065
91.1154583636 0.000119203719156
93.4820932885 7.15222314936e-05
95.8487282134 0.000166885206818
98.2153631383 0.000143044462987
100.581998063 4.76814876624e-05
102.948632988 0.000166885206818
105.315267913 2.38407438312e-05
107.681902838 4.76814876624e-05
110.048537763 9.53629753248e-05
112.415172688 4.76814876624e-05
114.781807613 2.38407438312e-05
117.148442538 4.76814876624e-05
