# bin :
# value :
#end
224.741053938 0.000270769622834
227.469235233 0.000159276248726
230.197416528 0.000366335372069
232.925597823 0.000653032619776
235.653779118 0.00141755861366
238.381960413 0.0035996432212
241.110141708 0.0047623598369
243.838323003 0.00971585117227
246.566504298 0.0222349643221
249.294685593 0.039755351682
252.022866888 0.0566386340469
254.751048183 0.0683454383282
257.479229477 0.0765322375127
260.207410772 0.0703841743119
262.935592067 0.0647139398573
265.663773362 0.0560333843017
268.391954657 0.0486429663609
271.120135952 0.0500764525994
273.848317247 0.0455211518858
276.576498542 0.0407110091743
279.304679837 0.0356938073394
282.032861132 0.0346903669725
284.761042427 0.0370795107034
287.489223722 0.0385607798165
290.217405017 0.0326994138634
292.945586311 0.0293227573904
295.673767606 0.0235410295617
298.401948901 0.0204510703364
301.130130196 0.0155294342508
303.858311491 0.0134110601427
306.586492786 0.0118023700306
309.314674081 0.00823458205912
312.042855376 0.00837793068298
314.771036671 0.00606842507645
317.499217966 0.00457122833843
320.227399261 0.0037748470948
322.955580556 0.00323330784913
325.68376185 0.00210244648318
328.411943145 0.00202280835882
331.14012444 0.00173611111111
333.868305735 0.00132199286442
336.59648703 0.00111493374108
339.324668325 0.00135384811417
342.05284962 0.00100344036697
344.781030915 0.000668960244648
347.50921221 0.000366335372069
350.237393505 0.000318552497452
352.9655748 0.000238914373089
355.693756095 6.37104994903e-05
358.42193739 0.000111493374108
