# bin :
# value :
#end
1.0781847639 0.00210261393141
1.65981752026 0.00649898851527
2.24145027662 0.0134439860463
2.82308303298 0.0240526290639
3.40471578933 0.0388505710508
3.98634854569 0.0460185730897
4.56798130205 0.0597014925373
5.14961405841 0.0684783128116
5.73124681476 0.07247646506
6.31287957112 0.0738463498941
6.89451232748 0.0735118431323
7.47614508384 0.0715844470285
8.05777784019 0.0645757339238
8.63941059655 0.0574236607783
9.22104335291 0.050128227592
9.80267610927 0.0425779321111
10.3843088656 0.0357285079406
10.965941622 0.0295799550805
11.5475743783 0.0244667802928
12.1292071347 0.0222208063206
12.7108398911 0.0190031698498
13.2924726474 0.0155625288711
13.8741054038 0.0141289284633
14.4557381601 0.011723665557
15.0373709165 0.00997148728078
15.6190036728 0.00836266904538
16.2006364292 0.00648305962185
16.7822691856 0.0053998948693
17.3639019419 0.00458752130489
17.9455346983 0.00417337007598
18.5271674546 0.00345656987209
19.108800211 0.00283534302872
19.6904329673 0.00278755634846
20.2720657237 0.00203889835773
20.8536984801 0.00148138708804
21.4353312364 0.00146545819462
22.0169639928 0.00149731598146
22.5985967491 0.00138581372752
23.1802295055 0.001290240367
23.7618622618 0.00135395594068
24.3434950182 0.000923875818347
24.9251277746 0.000573440163112
25.5067605309 0.000557511269692
26.0883932873 0.000461937909173
26.6700260436 0.000191146721037
27.2516588 9.55733605186e-05
27.8332915563 0.000254862294716
28.4149243127 0.000286720081556
28.9965570691 0.000223004507877
29.5781898254 0.000175217827618
